50 999
1 0 0 0 0 1 0 1 0 0 0 1 0 0 1 0 0 0 0 0 0 0 0 0 0 0 0 0 0 1 0 0 0 0 0 0 0 0 0 0 1 1 0 1 0 0 1 0 0 0
1225
1 2 99 1000
1 3 100 1000
1 4 100 1000
1 5 100 1000
1 6 100 1000
1 7 100 1000
1 8 100 1000
1 9 99 1000
1 10 100 1000
1 11 100 1000
1 12 99 1000
1 13 100 1000
1 14 100 1000
1 15 99 1000
1 16 100 1000
1 17 99 1000
1 18 99 1000
1 19 100 1000
1 20 99 1000
1 21 99 1000
1 22 99 1000
1 23 99 1000
1 24 100 1000
1 25 100 1000
1 26 99 1000
1 27 100 1000
1 28 100 1000
1 29 100 1000
1 30 100 1000
1 31 99 1000
1 32 100 1000
1 33 100 1000
1 34 99 1000
1 35 99 1000
1 36 100 1000
1 37 100 1000
1 38 99 1000
1 39 100 1000
1 40 100 1000
1 41 99 1000
1 42 100 1000
1 43 100 1000
1 44 100 1000
1 45 100 1000
1 46 100 1000
1 47 100 1000
1 48 99 1000
1 49 1 99
1 50 100 1000
2 3 99 1000
2 4 100 1000
2 5 100 1000
2 6 99 1000
2 7 99 1000
2 8 99 1000
2 9 1 97
2 10 99 1000
2 11 100 1000
2 12 100 1000
2 13 100 1000
2 14 100 1000
2 15 99 1000
2 16 100 1000
2 17 99 1000
2 18 99 1000
2 19 100 1000
2 20 100 1000
2 21 100 1000
2 22 100 1000
2 23 99 1000
2 24 99 1000
2 25 100 1000
2 26 100 1000
2 27 99 1000
2 28 100 1000
2 29 99 1000
2 30 99 1000
2 31 99 1000
2 32 100 1000
2 33 99 1000
2 34 100 1000
2 35 99 1000
2 36 99 1000
2 37 100 1000
2 38 99 1000
2 39 99 1000
2 40 99 1000
2 41 100 1000
2 42 99 1000
2 43 99 1000
2 44 99 1000
2 45 1 99
2 46 100 1000
2 47 99 1000
2 48 99 1000
2 49 100 1000
2 50 100 1000
3 4 100 1000
3 5 99 1000
3 6 99 1000
3 7 99 1000
3 8 99 1000
3 9 100 1000
3 10 100 1000
3 11 100 1000
3 12 99 1000
3 13 99 1000
3 14 100 1000
3 15 100 1000
3 16 99 1000
3 17 100 1000
3 18 1 98
3 19 99 1000
3 20 99 1000
3 21 100 1000
3 22 1 98
3 23 100 1000
3 24 100 1000
3 25 99 1000
3 26 100 1000
3 27 99 1000
3 28 100 1000
3 29 100 1000
3 30 99 1000
3 31 99 1000
3 32 99 1000
3 33 100 1000
3 34 99 1000
3 35 99 1000
3 36 100 1000
3 37 99 1000
3 38 99 1000
3 39 100 1000
3 40 100 1000
3 41 99 1000
3 42 100 1000
3 43 99 1000
3 44 99 1000
3 45 100 1000
3 46 99 1000
3 47 99 1000
3 48 100 1000
3 49 99 1000
3 50 99 1000
4 5 100 1000
4 6 99 1000
4 7 99 1000
4 8 100 1000
4 9 100 1000
4 10 1 97
4 11 100 1000
4 12 100 1000
4 13 100 1000
4 14 99 1000
4 15 99 1000
4 16 100 1000
4 17 99 1000
4 18 99 1000
4 19 99 1000
4 20 99 1000
4 21 99 1000
4 22 100 1000
4 23 99 1000
4 24 100 1000
4 25 100 1000
4 26 99 1000
4 27 99 1000
4 28 99 1000
4 29 100 1000
4 30 99 1000
4 31 100 1000
4 32 100 1000
4 33 100 1000
4 34 100 1000
4 35 100 1000
4 36 100 1000
4 37 100 1000
4 38 100 1000
4 39 100 1000
4 40 1 97
4 41 100 1000
4 42 100 1000
4 43 100 1000
4 44 99 1000
4 45 100 1000
4 46 99 1000
4 47 99 1000
4 48 99 1000
4 49 99 1000
4 50 99 1000
5 6 99 1000
5 7 99 1000
5 8 100 1000
5 9 100 1000
5 10 99 1000
5 11 99 1000
5 12 99 1000
5 13 99 1000
5 14 100 1000
5 15 100 1000
5 16 100 1000
5 17 99 1000
5 18 100 1000
5 19 100 1000
5 20 100 1000
5 21 1 97
5 22 100 1000
5 23 100 1000
5 24 99 1000
5 25 99 1000
5 26 99 1000
5 27 99 1000
5 28 99 1000
5 29 99 1000
5 30 99 1000
5 31 99 1000
5 32 100 1000
5 33 99 1000
5 34 99 1000
5 35 99 1000
5 36 100 1000
5 37 1 99
5 38 100 1000
5 39 99 1000
5 40 99 1000
5 41 100 1000
5 42 99 1000
5 43 100 1000
5 44 100 1000
5 45 99 1000
5 46 100 1000
5 47 99 1000
5 48 100 1000
5 49 99 1000
5 50 100 1000
6 7 100 1000
6 8 99 1000
6 9 100 1000
6 10 100 1000
6 11 100 1000
6 12 99 1000
6 13 100 1000
6 14 100 1000
6 15 99 1000
6 16 100 1000
6 17 100 1000
6 18 100 1000
6 19 99 1000
6 20 100 1000
6 21 100 1000
6 22 100 1000
6 23 100 1000
6 24 100 1000
6 25 100 1000
6 26 99 1000
6 27 100 1000
6 28 99 1000
6 29 1 98
6 30 100 1000
6 31 1 98
6 32 100 1000
6 33 100 1000
6 34 99 1000
6 35 99 1000
6 36 100 1000
6 37 100 1000
6 38 100 1000
6 39 100 1000
6 40 99 1000
6 41 100 1000
6 42 99 1000
6 43 99 1000
6 44 99 1000
6 45 99 1000
6 46 99 1000
6 47 100 1000
6 48 100 1000
6 49 99 1000
6 50 99 1000
7 8 100 1000
7 9 100 1000
7 10 100 1000
7 11 99 1000
7 12 99 1000
7 13 100 1000
7 14 1 98
7 15 99 1000
7 16 99 1000
7 17 99 1000
7 18 99 1000
7 19 100 1000
7 20 99 1000
7 21 99 1000
7 22 100 1000
7 23 100 1000
7 24 100 1000
7 25 100 1000
7 26 100 1000
7 27 99 1000
7 28 100 1000
7 29 99 1000
7 30 99 1000
7 31 100 1000
7 32 99 1000
7 33 100 1000
7 34 99 1000
7 35 1 98
7 36 100 1000
7 37 99 1000
7 38 100 1000
7 39 99 1000
7 40 99 1000
7 41 99 1000
7 42 100 1000
7 43 99 1000
7 44 100 1000
7 45 100 1000
7 46 100 1000
7 47 99 1000
7 48 100 1000
7 49 100 1000
7 50 99 1000
8 9 99 1000
8 10 100 1000
8 11 99 1000
8 12 100 1000
8 13 99 1000
8 14 99 1000
8 15 100 1000
8 16 99 1000
8 17 100 1000
8 18 99 1000
8 19 99 1000
8 20 99 1000
8 21 100 1000
8 22 100 1000
8 23 99 1000
8 24 99 1000
8 25 100 1000
8 26 99 1000
8 27 100 1000
8 28 99 1000
8 29 100 1000
8 30 100 1000
8 31 100 1000
8 32 99 1000
8 33 100 1000
8 34 100 1000
8 35 100 1000
8 36 100 1000
8 37 1 100
8 38 99 1000
8 39 99 1000
8 40 100 1000
8 41 100 1000
8 42 99 1000
8 43 99 1000
8 44 100 1000
8 45 99 1000
8 46 1 99
8 47 100 1000
8 48 100 1000
8 49 99 1000
8 50 99 1000
9 10 100 1000
9 11 99 1000
9 12 99 1000
9 13 99 1000
9 14 100 1000
9 15 99 1000
9 16 99 1000
9 17 100 1000
9 18 100 1000
9 19 99 1000
9 20 100 1000
9 21 100 1000
9 22 99 1000
9 23 99 1000
9 24 100 1000
9 25 99 1000
9 26 100 1000
9 27 99 1000
9 28 99 1000
9 29 100 1000
9 30 100 1000
9 31 99 1000
9 32 99 1000
9 33 99 1000
9 34 100 1000
9 35 100 1000
9 36 99 1000
9 37 100 1000
9 38 99 1000
9 39 99 1000
9 40 100 1000
9 41 100 1000
9 42 100 1000
9 43 100 1000
9 44 1 99
9 45 99 1000
9 46 100 1000
9 47 99 1000
9 48 99 1000
9 49 99 1000
9 50 100 1000
10 11 99 1000
10 12 1 97
10 13 99 1000
10 14 99 1000
10 15 100 1000
10 16 99 1000
10 17 100 1000
10 18 99 1000
10 19 100 1000
10 20 99 1000
10 21 100 1000
10 22 100 1000
10 23 100 1000
10 24 99 1000
10 25 99 1000
10 26 99 1000
10 27 99 1000
10 28 100 1000
10 29 99 1000
10 30 99 1000
10 31 100 1000
10 32 99 1000
10 33 99 1000
10 34 100 1000
10 35 100 1000
10 36 99 1000
10 37 99 1000
10 38 100 1000
10 39 100 1000
10 40 99 1000
10 41 100 1000
10 42 100 1000
10 43 100 1000
10 44 100 1000
10 45 99 1000
10 46 100 1000
10 47 99 1000
10 48 99 1000
10 49 99 1000
10 50 99 1000
11 12 1 97
11 13 100 1000
11 14 100 1000
11 15 99 1000
11 16 99 1000
11 17 99 1000
11 18 100 1000
11 19 99 1000
11 20 99 1000
11 21 99 1000
11 22 100 1000
11 23 100 1000
11 24 100 1000
11 25 99 1000
11 26 99 1000
11 27 100 1000
11 28 99 1000
11 29 99 1000
11 30 99 1000
11 31 100 1000
11 32 99 1000
11 33 100 1000
11 34 1 98
11 35 99 1000
11 36 99 1000
11 37 100 1000
11 38 99 1000
11 39 100 1000
11 40 100 1000
11 41 99 1000
11 42 100 1000
11 43 99 1000
11 44 100 1000
11 45 100 1000
11 46 99 1000
11 47 99 1000
11 48 99 1000
11 49 99 1000
11 50 99 1000
12 13 99 1000
12 14 99 1000
12 15 99 1000
12 16 100 1000
12 17 100 1000
12 18 99 1000
12 19 100 1000
12 20 100 1000
12 21 99 1000
12 22 100 1000
12 23 99 1000
12 24 100 1000
12 25 99 1000
12 26 100 1000
12 27 100 1000
12 28 100 1000
12 29 100 1000
12 30 100 1000
12 31 99 1000
12 32 100 1000
12 33 100 1000
12 34 100 1000
12 35 100 1000
12 36 100 1000
12 37 99 1000
12 38 99 1000
12 39 100 1000
12 40 99 1000
12 41 100 1000
12 42 100 1000
12 43 99 1000
12 44 99 1000
12 45 99 1000
12 46 100 1000
12 47 99 1000
12 48 100 1000
12 49 100 1000
12 50 100 1000
13 14 100 1000
13 15 100 1000
13 16 100 1000
13 17 99 1000
13 18 99 1000
13 19 99 1000
13 20 100 1000
13 21 100 1000
13 22 99 1000
13 23 100 1000
13 24 99 1000
13 25 99 1000
13 26 100 1000
13 27 99 1000
13 28 99 1000
13 29 100 1000
13 30 100 1000
13 31 99 1000
13 32 99 1000
13 33 99 1000
13 34 100 1000
13 35 99 1000
13 36 100 1000
13 37 100 1000
13 38 100 1000
13 39 100 1000
13 40 1 99
13 41 1 99
13 42 100 1000
13 43 100 1000
13 44 100 1000
13 45 99 1000
13 46 99 1000
13 47 99 1000
13 48 99 1000
13 49 99 1000
13 50 100 1000
14 15 99 1000
14 16 99 1000
14 17 100 1000
14 18 99 1000
14 19 99 1000
14 20 100 1000
14 21 99 1000
14 22 100 1000
14 23 100 1000
14 24 99 1000
14 25 100 1000
14 26 99 1000
14 27 99 1000
14 28 1 99
14 29 99 1000
14 30 100 1000
14 31 100 1000
14 32 100 1000
14 33 99 1000
14 34 99 1000
14 35 99 1000
14 36 100 1000
14 37 99 1000
14 38 99 1000
14 39 100 1000
14 40 99 1000
14 41 99 1000
14 42 100 1000
14 43 100 1000
14 44 99 1000
14 45 99 1000
14 46 99 1000
14 47 100 1000
14 48 100 1000
14 49 100 1000
14 50 100 1000
15 16 1 100
15 17 99 1000
15 18 99 1000
15 19 100 1000
15 20 100 1000
15 21 100 1000
15 22 100 1000
15 23 100 1000
15 24 99 1000
15 25 99 1000
15 26 100 1000
15 27 99 1000
15 28 100 1000
15 29 99 1000
15 30 100 1000
15 31 100 1000
15 32 99 1000
15 33 100 1000
15 34 99 1000
15 35 100 1000
15 36 1 98
15 37 100 1000
15 38 100 1000
15 39 99 1000
15 40 100 1000
15 41 99 1000
15 42 99 1000
15 43 99 1000
15 44 100 1000
15 45 99 1000
15 46 100 1000
15 47 100 1000
15 48 100 1000
15 49 100 1000
15 50 99 1000
16 17 100 1000
16 18 100 1000
16 19 100 1000
16 20 100 1000
16 21 100 1000
16 22 99 1000
16 23 99 1000
16 24 100 1000
16 25 99 1000
16 26 1 98
16 27 99 1000
16 28 99 1000
16 29 100 1000
16 30 99 1000
16 31 99 1000
16 32 100 1000
16 33 99 1000
16 34 99 1000
16 35 100 1000
16 36 99 1000
16 37 100 1000
16 38 100 1000
16 39 100 1000
16 40 99 1000
16 41 99 1000
16 42 99 1000
16 43 99 1000
16 44 99 1000
16 45 100 1000
16 46 99 1000
16 47 99 1000
16 48 100 1000
16 49 99 1000
16 50 100 1000
17 18 100 1000
17 19 100 1000
17 20 100 1000
17 21 100 1000
17 22 99 1000
17 23 100 1000
17 24 99 1000
17 25 100 1000
17 26 99 1000
17 27 99 1000
17 28 100 1000
17 29 99 1000
17 30 99 1000
17 31 99 1000
17 32 99 1000
17 33 100 1000
17 34 100 1000
17 35 100 1000
17 36 1 99
17 37 100 1000
17 38 1 99
17 39 100 1000
17 40 99 1000
17 41 99 1000
17 42 100 1000
17 43 99 1000
17 44 100 1000
17 45 100 1000
17 46 100 1000
17 47 99 1000
17 48 99 1000
17 49 100 1000
17 50 99 1000
18 19 100 1000
18 20 100 1000
18 21 100 1000
18 22 99 1000
18 23 99 1000
18 24 99 1000
18 25 99 1000
18 26 100 1000
18 27 100 1000
18 28 100 1000
18 29 99 1000
18 30 1 100
18 31 100 1000
18 32 100 1000
18 33 100 1000
18 34 99 1000
18 35 100 1000
18 36 99 1000
18 37 100 1000
18 38 99 1000
18 39 99 1000
18 40 100 1000
18 41 99 1000
18 42 99 1000
18 43 100 1000
18 44 100 1000
18 45 100 1000
18 46 99 1000
18 47 99 1000
18 48 99 1000
18 49 99 1000
18 50 100 1000
19 20 99 1000
19 21 99 1000
19 22 99 1000
19 23 99 1000
19 24 1 99
19 25 99 1000
19 26 1 98
19 27 99 1000
19 28 99 1000
19 29 99 1000
19 30 99 1000
19 31 100 1000
19 32 99 1000
19 33 99 1000
19 34 99 1000
19 35 100 1000
19 36 99 1000
19 37 100 1000
19 38 99 1000
19 39 99 1000
19 40 100 1000
19 41 100 1000
19 42 100 1000
19 43 100 1000
19 44 99 1000
19 45 99 1000
19 46 99 1000
19 47 100 1000
19 48 99 1000
19 49 100 1000
19 50 99 1000
20 21 100 1000
20 22 99 1000
20 23 99 1000
20 24 100 1000
20 25 100 1000
20 26 100 1000
20 27 99 1000
20 28 100 1000
20 29 99 1000
20 30 100 1000
20 31 100 1000
20 32 100 1000
20 33 1 97
20 34 100 1000
20 35 100 1000
20 36 99 1000
20 37 99 1000
20 38 99 1000
20 39 1 99
20 40 100 1000
20 41 100 1000
20 42 100 1000
20 43 99 1000
20 44 100 1000
20 45 99 1000
20 46 100 1000
20 47 99 1000
20 48 99 1000
20 49 99 1000
20 50 99 1000
21 22 99 1000
21 23 99 1000
21 24 100 1000
21 25 100 1000
21 26 99 1000
21 27 100 1000
21 28 99 1000
21 29 99 1000
21 30 100 1000
21 31 99 1000
21 32 99 1000
21 33 99 1000
21 34 99 1000
21 35 99 1000
21 36 99 1000
21 37 99 1000
21 38 99 1000
21 39 99 1000
21 40 99 1000
21 41 99 1000
21 42 100 1000
21 43 100 1000
21 44 99 1000
21 45 100 1000
21 46 100 1000
21 47 99 1000
21 48 99 1000
21 49 100 1000
21 50 1 99
22 23 100 1000
22 24 99 1000
22 25 99 1000
22 26 100 1000
22 27 99 1000
22 28 99 1000
22 29 99 1000
22 30 100 1000
22 31 99 1000
22 32 100 1000
22 33 99 1000
22 34 100 1000
22 35 99 1000
22 36 100 1000
22 37 99 1000
22 38 99 1000
22 39 100 1000
22 40 99 1000
22 41 99 1000
22 42 100 1000
22 43 100 1000
22 44 100 1000
22 45 99 1000
22 46 1 99
22 47 100 1000
22 48 99 1000
22 49 100 1000
22 50 100 1000
23 24 99 1000
23 25 100 1000
23 26 99 1000
23 27 99 1000
23 28 100 1000
23 29 99 1000
23 30 99 1000
23 31 100 1000
23 32 99 1000
23 33 99 1000
23 34 99 1000
23 35 99 1000
23 36 99 1000
23 37 99 1000
23 38 99 1000
23 39 1 100
23 40 100 1000
23 41 100 1000
23 42 100 1000
23 43 99 1000
23 44 100 1000
23 45 100 1000
23 46 99 1000
23 47 1 98
23 48 100 1000
23 49 99 1000
23 50 100 1000
24 25 100 1000
24 26 99 1000
24 27 99 1000
24 28 100 1000
24 29 99 1000
24 30 1 99
24 31 100 1000
24 32 100 1000
24 33 100 1000
24 34 99 1000
24 35 100 1000
24 36 99 1000
24 37 99 1000
24 38 99 1000
24 39 99 1000
24 40 99 1000
24 41 99 1000
24 42 99 1000
24 43 99 1000
24 44 99 1000
24 45 100 1000
24 46 99 1000
24 47 100 1000
24 48 99 1000
24 49 99 1000
24 50 99 1000
25 26 99 1000
25 27 100 1000
25 28 100 1000
25 29 100 1000
25 30 99 1000
25 31 99 1000
25 32 99 1000
25 33 99 1000
25 34 99 1000
25 35 99 1000
25 36 100 1000
25 37 100 1000
25 38 100 1000
25 39 100 1000
25 40 100 1000
25 41 99 1000
25 42 1 97
25 43 1 99
25 44 99 1000
25 45 100 1000
25 46 99 1000
25 47 99 1000
25 48 99 1000
25 49 100 1000
25 50 100 1000
26 27 99 1000
26 28 100 1000
26 29 100 1000
26 30 100 1000
26 31 99 1000
26 32 99 1000
26 33 99 1000
26 34 99 1000
26 35 99 1000
26 36 100 1000
26 37 99 1000
26 38 100 1000
26 39 100 1000
26 40 100 1000
26 41 99 1000
26 42 99 1000
26 43 100 1000
26 44 100 1000
26 45 100 1000
26 46 100 1000
26 47 99 1000
26 48 100 1000
26 49 100 1000
26 50 99 1000
27 28 99 1000
27 29 99 1000
27 30 99 1000
27 31 1 100
27 32 99 1000
27 33 99 1000
27 34 99 1000
27 35 100 1000
27 36 100 1000
27 37 100 1000
27 38 100 1000
27 39 100 1000
27 40 100 1000
27 41 99 1000
27 42 99 1000
27 43 1 99
27 44 99 1000
27 45 100 1000
27 46 99 1000
27 47 100 1000
27 48 99 1000
27 49 99 1000
27 50 99 1000
28 29 99 1000
28 30 99 1000
28 31 100 1000
28 32 99 1000
28 33 100 1000
28 34 99 1000
28 35 100 1000
28 36 100 1000
28 37 100 1000
28 38 99 1000
28 39 100 1000
28 40 99 1000
28 41 99 1000
28 42 1 100
28 43 99 1000
28 44 99 1000
28 45 99 1000
28 46 99 1000
28 47 99 1000
28 48 99 1000
28 49 99 1000
28 50 99 1000
29 30 100 1000
29 31 99 1000
29 32 1 97
29 33 99 1000
29 34 99 1000
29 35 100 1000
29 36 99 1000
29 37 100 1000
29 38 99 1000
29 39 99 1000
29 40 99 1000
29 41 100 1000
29 42 100 1000
29 43 99 1000
29 44 100 1000
29 45 99 1000
29 46 100 1000
29 47 100 1000
29 48 100 1000
29 49 100 1000
29 50 100 1000
30 31 99 1000
30 32 99 1000
30 33 99 1000
30 34 100 1000
30 35 99 1000
30 36 100 1000
30 37 99 1000
30 38 99 1000
30 39 100 1000
30 40 99 1000
30 41 100 1000
30 42 99 1000
30 43 99 1000
30 44 100 1000
30 45 100 1000
30 46 100 1000
30 47 100 1000
30 48 100 1000
30 49 100 1000
30 50 100 1000
31 32 99 1000
31 33 99 1000
31 34 99 1000
31 35 100 1000
31 36 100 1000
31 37 99 1000
31 38 99 1000
31 39 99 1000
31 40 100 1000
31 41 99 1000
31 42 100 1000
31 43 100 1000
31 44 99 1000
31 45 100 1000
31 46 99 1000
31 47 100 1000
31 48 99 1000
31 49 99 1000
31 50 99 1000
32 33 99 1000
32 34 1 98
32 35 99 1000
32 36 99 1000
32 37 100 1000
32 38 100 1000
32 39 100 1000
32 40 100 1000
32 41 100 1000
32 42 99 1000
32 43 100 1000
32 44 99 1000
32 45 100 1000
32 46 100 1000
32 47 100 1000
32 48 100 1000
32 49 99 1000
32 50 99 1000
33 34 99 1000
33 35 99 1000
33 36 99 1000
33 37 99 1000
33 38 100 1000
33 39 99 1000
33 40 100 1000
33 41 99 1000
33 42 99 1000
33 43 100 1000
33 44 1 99
33 45 100 1000
33 46 100 1000
33 47 99 1000
33 48 100 1000
33 49 100 1000
33 50 99 1000
34 35 100 1000
34 36 100 1000
34 37 99 1000
34 38 100 1000
34 39 99 1000
34 40 99 1000
34 41 100 1000
34 42 99 1000
34 43 99 1000
34 44 100 1000
34 45 99 1000
34 46 100 1000
34 47 100 1000
34 48 99 1000
34 49 100 1000
34 50 100 1000
35 36 100 1000
35 37 100 1000
35 38 99 1000
35 39 99 1000
35 40 100 1000
35 41 99 1000
35 42 99 1000
35 43 100 1000
35 44 100 1000
35 45 99 1000
35 46 100 1000
35 47 1 99
35 48 99 1000
35 49 99 1000
35 50 99 1000
36 37 100 1000
36 38 99 1000
36 39 100 1000
36 40 100 1000
36 41 99 1000
36 42 100 1000
36 43 99 1000
36 44 100 1000
36 45 100 1000
36 46 100 1000
36 47 99 1000
36 48 99 1000
36 49 100 1000
36 50 100 1000
37 38 99 1000
37 39 100 1000
37 40 100 1000
37 41 99 1000
37 42 99 1000
37 43 99 1000
37 44 99 1000
37 45 99 1000
37 46 99 1000
37 47 100 1000
37 48 100 1000
37 49 100 1000
37 50 99 1000
38 39 100 1000
38 40 99 1000
38 41 99 1000
38 42 100 1000
38 43 99 1000
38 44 100 1000
38 45 100 1000
38 46 100 1000
38 47 99 1000
38 48 1 98
38 49 100 1000
38 50 99 1000
39 40 99 1000
39 41 99 1000
39 42 99 1000
39 43 100 1000
39 44 99 1000
39 45 100 1000
39 46 100 1000
39 47 100 1000
39 48 99 1000
39 49 100 1000
39 50 100 1000
40 41 99 1000
40 42 99 1000
40 43 99 1000
40 44 99 1000
40 45 100 1000
40 46 100 1000
40 47 100 1000
40 48 99 1000
40 49 99 1000
40 50 100 1000
41 42 99 1000
41 43 99 1000
41 44 99 1000
41 45 100 1000
41 46 99 1000
41 47 99 1000
41 48 1 98
41 49 100 1000
41 50 100 1000
42 43 99 1000
42 44 100 1000
42 45 99 1000
42 46 100 1000
42 47 100 1000
42 48 99 1000
42 49 100 1000
42 50 100 1000
43 44 100 1000
43 45 99 1000
43 46 100 1000
43 47 100 1000
43 48 100 1000
43 49 100 1000
43 50 99 1000
44 45 100 1000
44 46 100 1000
44 47 99 1000
44 48 100 1000
44 49 99 1000
44 50 99 1000
45 46 99 1000
45 47 99 1000
45 48 99 1000
45 49 1 100
45 50 99 1000
46 47 99 1000
46 48 100 1000
46 49 100 1000
46 50 99 1000
47 48 99 1000
47 49 99 1000
47 50 99 1000
48 49 100 1000
48 50 100 1000
49 50 100 1000
